26
A
B
C
D
E
F
G
H
I
J
K
L
M
N
O
P
Q
R
S
T
U
V
W
X
Y
Z
22 11 21
18 22 80
12 14 87
6 19 63
2 12 23
10 5 33
10 15 32
19 14 56
11 17 39
18 13 70
24 6 35
18 19 89
8 2 8
13 1 93
2 25 22
16 7 80
17 2 51
24 22 15
21 3 14
17 24 79
15 7 26
17 4 12
2 14 11
13 25 44
21 7 97
17 19 47
21 24 78
9 11 24
9 4 42
15 25 46
16 6 68
24 19 83
22 25 75
23 7 36
25 17 22
9 4 100
6 1 33
7 5 22
23 7 21
11 8 67
7 24 58
17 9 25
17 12 54
19 3 5
5 12 40
1 20 30
26 17 64
19 5 9
17 18 10
13 6 8
22 3 9
23 26 9
16 5 3
3 8 2
3 11 3
15 6 2
12 11 9
15 12 79
14 13 93
6 3 93
12 6 100
2 14 90
1 3 80
10 1 92
19 30 91
19 2 97
16 6 81
10 10 1
-5 -5 -38
-4 -2 -49
2 6 -41
6 -6 -3
2 0 -19
-2 -5 10
0 8 -6
-6 2 564
0 0 0
